tree
version=v4
num_class=1
num_tree_per_iteration=1
label_index=0
max_feature_idx=33
objective=poisson
feature_names=toi_per_game_l5 toi_per_game_l10 toi_per_game_l20 toi_per_game_season toi_per_game_ewma ev_toi_per_game_l10 pp_toi_per_game_l10 sh_toi_per_game_l10 pp_unit shots_per_game_l5 shots_per_game_l10 shots_per_game_l20 shots_per_game_season shots_per_game_ewma icf_per_60_l10 isf_per_60_l10 shooting_pct_l20 is_forward is_defense line_number opponent_sa_per_60 opponent_ca_per_60 opponent_shot_quality team_pace team_shot_share expected_game_pace home_away rest_days back_to_back venue_sog_bias games_played lineup_confidence projected_toi projected_toi_std
feature_infos=[8.1666666666666661:26.800000000000001] [8.1666666666666661:26.800000000000001] [8.1666666666666661:26.800000000000001] [8.1666666666666661:26.800000000000001] [8.1666666666666661:26.800000000000001] [0:13] [0:1.5] [0:0.5] none [0:7] [0:7] [0:7] [0:7] [0:7] [0:51.347068145800307] [0:34.231378763866879] none [0:1] [0:1] [3:4] none none none [5.9135957947763238:50] none [6.8583151540991052:32.297297297297298] [0:1] [1:3] none [-0.40176442536957557:0.45934668574153559] [0:2] [0:0.20000000000000001] [8.1666666666666661:26.800000000000001] none
tree_sizes=2695 2815

Tree=0
num_leaves=25
num_cat=0
split_feature=23 27 18 23 29 25 29 25 15 29 25 26 29 26 23 15 25 25 25 23 29 23 23 17
split_gain=11.5841 6.07673 4.04342 2.78994 2.93435 2.67241 2.18412 2.34163 1.91691 1.83715 4.51661 1.72909 1.66819 1.21575 0.924262 1.00984 0.996612 1.43789 0.750219 0.712781 0.381541 0.472348 0.344532 0.142231
threshold=8.2332366018767456 1.5000000000000002 1.0000000180025095e-35 9.320520326624111 -0.20731998092513124 9.989759411522499 -0.13787553648068671 8.2053919951511904 5.3419988903859883 0.13295779685264666 8.6881463895492796 1.0000000180025095e-35 -0.1656533142584645 1.0000000180025095e-35 7.7516199261154624 7.9430449069003295 8.6127940074478353 7.3603145104866741 9.4047609605147766 9.4321831012621278 -0.0840560920362423 7.2447334769444023 9.8795196879584015 1.0000000180025095e-35
decision_type=2 2 2 2 2 2 2 2 2 2 2 2 2 2 2 2 2 2 2 2 2 2 2 2
left_child=6 2 3 9 -5 8 7 11 -3 10 -2 -1 -4 19 15 -8 17 -16 -15 -14 -17 -22 -6 -13
right_child=1 5 12 4 22 -7 14 -9 -10 -11 -12 23 13 18 16 20 -18 -19 -20 -21 21 -23 -24 -25
leaf_value=0.40571610174782674 0.42082294620814686 0.40652714608429502 0.40771266527076316 0.41402705902786624 0.42240168652279475 0.40156251715970892 0.41600669604306478 0.40295713393572968 0.41724053806640354 0.42110940736929642 0.40518544065070466 0.41254577830911154 0.41600669598513162 0.42046446269261822 0.41204086616656588 0.41200563097917525 0.41023379066836296 0.4200823523597601 0.41388500248999099 0.40935932526357255 0.40739331898297787 0.41158909726508763 0.4254270329336296 0.41549228557429269
leaf_weight=109.67605876922607 94.443272829055786 67.024258136749268 76.16392970085144 88.350158452987671 219.35211753845215 70.070815324783325 76.16392970085144 164.51408815383911 106.62950158119202 124.90884470939636 88.350158452987671 94.443272829055786 76.16392970085144 137.09507346153259 109.67605876922607 149.28130221366882 109.67605876922607 109.67605876922607 60.931143760681152 82.257044076919556 201.0727744102478 109.67605876922607 243.72457504272461 70.070815324783325
leaf_count=36 31 22 25 29 72 23 25 54 35 41 29 31 25 45 36 49 36 36 20 27 66 36 80 23
internal_value=0.414012 0.416954 0.418322 0.420306 0.422436 0.409736 0.410548 0.407672 0.413115 0.416458 0.413285 0.410549 0.414366 0.415816 0.412017 0.410739 0.414089 0.416048 0.418424 0.412579 0.409854 0.408846 0.424026 0.413832
internal_weight=2839.39 1535.46 1291.74 859.129 551.427 243.725 1303.93 438.704 173.654 307.702 182.793 274.19 432.611 356.447 865.222 536.194 329.028 219.352 198.026 158.421 460.03 310.749 463.077 164.514
internal_count=932 504 424 282 181 80 428 144 57 101 60 90 142 117 284 176 108 72 65 52 151 102 152 54
is_linear=0
shrinkage=1


Tree=1
num_leaves=25
num_cat=0
split_feature=23 27 18 23 29 25 4 0 23 29 14 29 25 29 23 29 25 25 26 18 29 26 29 23
split_gain=11.0242 5.76514 3.80465 2.60787 2.7386 2.58835 2.10531 3.31128 2.44609 1.90654 1.83372 1.73262 4.30966 1.60464 1.52343 1.50454 1.41427 1.18278 0.865345 1.55375 0.984625 0.340639 0.330732 0.0549137
threshold=8.2332366018767456 1.5000000000000002 1.0000000180025095e-35 9.320520326624111 -0.20731998092513124 9.989759411522499 17.408333333333335 19.587500000000002 6.8133869706961301 -0.13787553648068671 8.0129983355789829 0.13295779685264666 8.6881463895492796 0.10518001907486886 9.320520326624111 -0.035444980925131146 8.5200239653325784 9.4047609605147766 1.0000000180025095e-35 1.0000000180025095e-35 -0.035444980925131146 1.0000000180025095e-35 0.10518001907486886 6.6073445181077739
decision_type=2 2 2 2 2 2 2 2 2 2 2 2 2 2 2 2 2 2 2 2 2 2 2 2
left_child=6 2 3 11 -5 10 8 -8 9 23 -3 12 -2 14 -4 -11 18 -15 19 -10 -20 -16 -6 -1
right_child=1 5 13 4 22 -7 7 -9 16 15 -12 -13 -14 17 21 -17 -18 -19 20 -21 -22 -23 -24 -25
leaf_value=-0.0091114956171434985 0.0065982512334624571 -0.0073566431662368233 0.0033417528947152705 1.4524628789789325e-05 0.0082231478732166779 -0.012296775435317406 0.011021298892381745 -0.0051201822473522663 -0.00013131227154822311 0.00074090257913155379 0.003138772638171475 0.0068732314464394727 -0.0086864536671529512 0.0072483774571299956 -0.0075082431208560209 -0.0066934767962949868 -0.0061066229415810266 -0.00073532145979328725 0.0040434342263828103 -0.0082258749814254385 -0.0026217817316253034 -0.0028062034523172932 0.011167638080944521 -0.011707461718200994
leaf_weight=109.05564475059509 95.088704586029053 66.524452686309814 79.573206663131714 88.351472139358521 243.15249991416931 69.203864812850952 60.918949365615845 63.936012744903564 194.55585241317749 103.41187953948975 106.97429418563843 125.79851150512695 87.57374906539917 107.1697084903717 75.775448799133301 190.87636160850525 163.49757385253906 79.096029996871948 143.42117667198181 85.116704702377319 88.151444911956787 91.168350219726562 224.57021927833557 96.534555912017822
leaf_count=36 31 22 26 29 79 23 20 21 64 34 35 41 29 35 25 63 54 26 47 28 29 30 73 32
internal_value=0 0.00286007 0.00418507 0.00609938 0.00814629 -0.00419006 -0.0033911 0.0027408 -0.00404891 -0.00670146 -0.000875918 0.00237879 -0.000709858 0.000344233 -0.00228605 -0.00407047 -0.00206938 0.00384565 -0.000759094 -0.00263319 0.00148436 -0.00500222 0.00966838 -0.0104054
internal_weight=2839.5 1540.02 1297.32 864.535 556.074 242.703 1299.48 124.855 1174.62 499.878 173.499 308.461 182.662 432.783 246.517 294.288 674.743 186.266 511.245 279.673 231.573 166.944 467.723 205.59
internal_count=932 504 424 282 181 80 428 41 387 165 57 101 60 142 81 97 222 61 168 92 76 55 152 68
is_linear=0
shrinkage=0.05


end of trees

feature_importances:
venue_sog_bias=12
team_pace=11
expected_game_pace=10
home_away=4
is_defense=3
isf_per_60_l10=2
rest_days=2
toi_per_game_l5=1
toi_per_game_ewma=1
icf_per_60_l10=1
is_forward=1

parameters:
[boosting: gbdt]
[objective: poisson]
[metric: poisson]
[tree_learner: serial]
[device_type: cpu]
[data_sample_strategy: bagging]
[data: ]
[valid: ]
[num_iterations: 200]
[learning_rate: 0.05]
[num_leaves: 31]
[num_threads: -1]
[seed: 42]
[deterministic: 0]
[force_col_wise: 0]
[force_row_wise: 0]
[histogram_pool_size: -1]
[max_depth: 6]
[min_data_in_leaf: 20]
[min_sum_hessian_in_leaf: 0.001]
[bagging_fraction: 0.8]
[pos_bagging_fraction: 1]
[neg_bagging_fraction: 1]
[bagging_freq: 0]
[bagging_seed: 400]
[bagging_by_query: 0]
[feature_fraction: 0.8]
[feature_fraction_bynode: 1]
[feature_fraction_seed: 30056]
[extra_trees: 0]
[extra_seed: 12879]
[early_stopping_round: 0]
[early_stopping_min_delta: 0]
[first_metric_only: 0]
[max_delta_step: 0]
[lambda_l1: 0.1]
[lambda_l2: 1]
[linear_lambda: 0]
[min_gain_to_split: 0]
[drop_rate: 0.1]
[max_drop: 50]
[skip_drop: 0.5]
[xgboost_dart_mode: 0]
[uniform_drop: 0]
[drop_seed: 17869]
[top_rate: 0.2]
[other_rate: 0.1]
[min_data_per_group: 100]
[max_cat_threshold: 32]
[cat_l2: 10]
[cat_smooth: 10]
[max_cat_to_onehot: 4]
[top_k: 20]
[monotone_constraints: ]
[monotone_constraints_method: basic]
[monotone_penalty: 0]
[feature_contri: ]
[forcedsplits_filename: ]
[refit_decay_rate: 0.9]
[cegb_tradeoff: 1]
[cegb_penalty_split: 0]
[cegb_penalty_feature_lazy: ]
[cegb_penalty_feature_coupled: ]
[path_smooth: 0]
[interaction_constraints: ]
[verbosity: -1]
[saved_feature_importance_type: 0]
[use_quantized_grad: 0]
[num_grad_quant_bins: 4]
[quant_train_renew_leaf: 0]
[stochastic_rounding: 1]
[linear_tree: 0]
[max_bin: 255]
[max_bin_by_feature: ]
[min_data_in_bin: 3]
[bin_construct_sample_cnt: 200000]
[data_random_seed: 175]
[is_enable_sparse: 1]
[enable_bundle: 1]
[use_missing: 1]
[zero_as_missing: 0]
[feature_pre_filter: 1]
[pre_partition: 0]
[two_round: 0]
[header: 0]
[label_column: ]
[weight_column: ]
[group_column: ]
[ignore_column: ]
[categorical_feature: ]
[forcedbins_filename: ]
[precise_float_parser: 0]
[parser_config_file: ]
[objective_seed: 16083]
[num_class: 1]
[is_unbalance: 0]
[scale_pos_weight: 1]
[sigmoid: 1]
[boost_from_average: 1]
[reg_sqrt: 0]
[alpha: 0.9]
[fair_c: 1]
[poisson_max_delta_step: 0.7]
[tweedie_variance_power: 1.5]
[lambdarank_truncation_level: 30]
[lambdarank_norm: 1]
[label_gain: ]
[lambdarank_position_bias_regularization: 0]
[eval_at: ]
[multi_error_top_k: 1]
[auc_mu_weights: ]
[num_machines: 1]
[local_listen_port: 12400]
[time_out: 120]
[machine_list_filename: ]
[machines: ]
[gpu_platform_id: -1]
[gpu_device_id: -1]
[gpu_use_dp: 0]
[num_gpu: 1]

end of parameters

pandas_categorical:[]
